111105
111103
111102
111107
111104
111101
111109
111108
111106
111110
270802
270801
270805
270803
270804
050413
050404
050405
050409
050406
050410
050412
050403
050402
050407
050416
050415
050411
050418
050419
050401
050408
050414
050420
050417
050421
201402
201401
201404
201406
201407
201403
201405
210404
210405
210412
210415
210413
210411
210417
210416
210414
210418
076205
076202
076201
076204
076203
321001
321008
321006
321003
321011
321009
321010
321015
321012
321004
321002
321005
321014
321007
321091
321018
321090
321099
321017
321016
321013
150906
150908
150902
150921
150904
150920
150903
150907
150913
150918
150912
150916
150914
150915
150919
150901
150905
150923
150909
150917
150922
060704
060708
060705
060710
060706
060707
060709
060715
060703
060712
060714
060716
060711
060717
060718
060701
060713
060702
040309
040310
040307
040308
040315
040306
040303
040312
040313
040305
040311
040302
040314
040304
040301
040318
040317
040316
052015
052008
052018
052013
052010
052007
052005
052011
052009
052023
052024
052014
052016
052019
052012
052020
052017
052004
052002
052006
052022
052001
052021
052003
021712
021726
021723
021720
021735
021714
021704
021713
021706
021734
021731
021709
021708
021732
021719
021722
021725
021715
021730
021701
021702
021741
021740
021703
021705
021727
021724
021718
021710
021721
021739
021728
021742
021729
021743
021707
021737
021738
021733
021736
061406
061408
061402
061405
061404
061401
061407
061414
061403
061413
061412
061415
121301
121331
121333
121336
121335
121337
121332
121334
121338
121340
121339
200116
200125
200115
200132
200128
200143
200114
200118
200152
200109
200108
200134
200140
200126
200112
200151
200131
200148
200142
200133
200130
200147
200149
200153
200154
200150
200144
200124
200139
110609
110607
110604
110608
110615
110603
110605
110621
110611
110606
110612
110620
110619
110622
253601
253603
253604
253602
253605
253606
253697
330303
330305
330304
330308
330317
330311
330310
330307
330301
330312
330314
330306
330309
330316
330313
330315
310503
310504
310505
310506
310507
310501
310510
310502
310509
310508
110407
110403
110404
110422
110405
110409
110417
110432
110401
110402
110433
110416
110419
110412
110420
110438
110410
110439
110435
110424
110425
110411
200801
200803
200805
200810
200802
200812
200811
200809
200806
200813
200890
200807
200808
200814
200804
110812
110801
110890
110802
110818
110815
110804
110810
110807
110808
110813
110805
110809
110803
110814
110817
110819
110820
110811
110816
253103
253104
253101
253102
253105
266001
266006
266002
266004
266005
266009
266003
266007
266008
090405
090406
090404
090409
090401
090403
090402
090408
090413
090411
090407
090414
090412
090410
086401
086402
056020
056011
056017
056010
056008
056023
056007
056016
056026
056009
056021
056015
056022
056025
056014
056018
056019
056013
056031
056030
056012
056004
056028
056001
056006
056005
056024
056003
056002
056027
056029
121007
121005
121001
121002
121003
121008
121006
121004
121009
022133
022104
022129
022130
022125
022119
022105
022115
022126
022110
022107
022116
022109
022113
022118
022127
022112
022122
022131
022128
022114
022117
022106
022123
022121
022101
022124
022120
022132
022102
200207
200201
200203
200227
200215
200202
200208
200229
200228
200226
200219
200230
200234
200235
200220
200216
200209
200236
200241
200233
200238
200237
200218
110904
110908
110910
110903
110912
110901
110906
110913
110902
110909
110907
110917
110919
110914
110915
110916
110905
110918
110911
036502
036503
036501
036504
076502
076503
076501
076504
091504
091502
091505
091507
091506
091503
091501
091508
091509
130103
130106
130104
130102
130105
130111
130101
130109
130110
130107
130112
130116
130117
130108
130115
130119
130113
130114
130118
100403
100402
100410
100407
100404
100406
100413
100401
100405
100409
100411
100408
100412
076012
076004
076002
076020
076019
076018
076011
076001
076017
076006
076015
076003
076010
076005
076016
076021
076013
076014
076009
076008
076007
270203
270208
270206
270204
270210
270209
270207
270211
270213
270212
210804
210811
210801
210810
210803
210805
210812
210809
210814
210815
210819
210813
210817
210818
210816
210808
210820
241111
241118
241112
241104
241114
241113
241121
241119
241117
241122
241120
346002
346003
346001
346004
220202
220201
220203
220205
220204
070309
070310
070311
070301
070303
070305
070313
070302
070312
070390
070306
070304
070308
070307
070315
070317
070316
246003
246002
246001
246005
246004
246006
021220
021202
021209
021201
021219
021203
021216
021227
021208
021226
021205
021235
021223
021211
021206
021214
021230
021212
021229
021204
021224
021207
021221
021239
021236
021210
021213
021237
021215
021231
021228
021234
021233
021241
021225
021242
021232
021240
021238
150206
150209
150204
150207
150208
150202
150211
150201
150205
150203
150210
170510
170505
170517
170503
170524
170518
170509
170502
170523
170501
170516
170522
170519
170504
170520
170521
170515
251303
251302
251301
251305
251310
251309
251313
251307
251315
251314
251306
251311
251312
251304
251308
251318
251319
251320
251316
251317
026803
026808
026804
026801
026807
026806
026802
026810
026805
026809
201001
201005
201003
201006
201002
201004
171004
171002
171005
171011
171003
171006
171001
171012
171007
171008
171009
171010
086602
086603
086604
086601
170221
170217
170216
170212
170234
170224
170213
170222
170235
170211
170233
170220
170238
170223
170219
170209
170239
170236
170237
170244
170240
170245
170242
170243
170241
100104
100102
100107
100105
100103
100106
100101
100108
340504
340501
340509
340506
340503
340508
340521
340518
340502
340522
340520
340523
340505
340507
340519
340524
091005
091002
091003
091010
091017
091004
091018
091009
091001
091015
091006
091014
091016
091007
091011
091008
091012
091013
020814
020811
020824
020813
020812
020816
020808
020826
020815
020804
020821
020806
020818
020810
020823
020807
020819
020802
020822
020801
020820
020831
020809
020803
020833
020832
020805
020817
020830
020829
020825
032303
032306
032310
032301
032309
032305
032307
032308
032302
032312
032320
032311
032318
032319
032314
032315
032304
032316
032317
032313
230602
230603
230606
230610
230614
230607
230601
230613
230618
230612
230608
230615
230605
230604
230609
230611
230617
230616
210604
210603
210605
210601
210611
210602
210607
210612
210614
210615
210606
210608
210613
210609
210610
191707
191719
191714
191720
191701
191703
191702
191711
191709
191708
191716
191704
191706
191715
191721
191710
191718
191717
191712
191722
191713
191705
191602
191601
191603
191604
191610
191608
191605
191607
191609
191611
191606
191612
031410
031409
031404
031403
031413
031406
031407
031402
031412
031405
031411
031408
031415
031401
031414
031417
031416
031419
031420
031418
072602
072605
072603
072601
072604
030811
030807
030820
030808
030801
030817
030802
030806
030818
030814
030813
030805
030810
030809
030819
030804
030815
030812
030816
030821
030803
120605
120615
120603
120614
120604
120601
120602
120611
120613
120626
120620
120618
120627
120619
120624
120612
120621
120625
120617
120628
066001
066002
180803
180810
180802
180818
180808
180805
180804
180801
180811
180806
180812
180816
180807
180890
180891
180893
180809
180819
180821
180817
180820
180815
180814
290109
290113
290107
290108
290116
290117
290115
290114
192604
192607
192601
192603
192602
192606
192608
192605
192611
192609
192610
051612
051613
051609
051611
051606
051608
051610
051602
051615
051617
051604
051619
051603
051616
051614
051601
051607
051618
051605
320905
320908
320907
320910
320903
320901
320904
320906
320902
320909
320913
320920
320929
320912
320925
320923
320918
070812
070806
070811
070809
070805
070803
070813
070804
070810
070808
070818
070807
070823
070819
070822
061102
061105
061101
061104
061106
061103
061107
061108
061109
061110
340104
340109
340108
340113
340105
340114
340107
340103
340111
340106
340112
340115
340110
340102
340101
120208
120202
120204
120217
120203
120205
120213
120211
120210
120201
120220
120206
120212
120219
120207
120216
120225
120218
120224
120209
120215
120222
120214
120226
120221
120227
120228
120223
140104
140115
140119
140111
140110
140107
140117
140103
140121
140116
140109
140108
140120
140102
140122
140118
140123
030512
030503
030507
030505
030504
030518
030519
030502
030521
030511
030508
030515
030506
030516
030514
030520
030501
030510
030517
030509
030513
030526
030523
030522
030524
030525
250205
250206
250208
250207
250210
250204
250216
250211
250209
250217
250203
250215
250201
250213
250212
250214
250202
250218
250219
056402
056403
056401
061704
061703
061706
061705
061701
061707
061702
061708
061709
251905
251907
251903
251910
251902
251906
251911
251904
251914
251913
251917
050508
050512
050516
050510
050513
050518
050509
050511
050519
050520
050507
050515
050503
050523
050514
050521
050502
050506
050522
050517
050528
050526
050527
050524
050501
050504
050505
050525
130526
130529
130501
130503
130507
130511
130514
130504
130530
130502
130528
130510
130505
130516
130515
130517
130520
130522
130521
130527
130518
130509
130519
150807
150806
150808
150810
150805
150803
150801
150812
150811
150809
150802
150804
251702
251714
251704
251705
251719
251737
251703
251715
251727
251717
251722
251723
251724
251718
251706
251708
251709
251710
251734
251712
251720
251791
251726
251790
251716
251707
251731
251730
251733
251732
251713
251728
251729
240814
240810
240808
240801
240804
240807
240809
240820
240818
240819
240805
240815
240803
240802
240817
240813
240812
240811
240821
240806
240816
080208
080210
080207
080211
080212
080213
080219
080217
080218
080214
080215
080216
240703
240707
240709
240702
240701
240710
240708
240704
240706
240705
240713
240717
240718
240712
240715
240711
240716
240714
240719
186002
186003
186008
186001
186004
186006
186007
186005
036204
036202
036203
036201
050211
050214
050216
050217
050207
050210
050208
050215
050212
050209
050206
050203
050213
050204
050202
050205
050201
050218
176203
176201
176202
176205
176204
051322
051316
051310
051304
051301
051309
051307
051306
051320
051323
051319
051326
051312
051318
051313
051311
051314
051308
051325
051303
051305
051317
051302
051324
051321
051315
056202
056203
056201
190603
190601
190602
190605
190604
190607
190606
060605
060612
060606
060608
060611
060607
060613
060610
060614
060615
060616
060609
252703
252704
252705
252701
252790
050308
050305
050306
050311
050307
050316
050312
050303
050315
050313
050317
050310
050314
050309
050301
050318
050302
050304
150105
150107
150104
150111
150102
150106
150101
150112
150103
150115
150114
150109
150110
150113
150108
150117
150118
150120
150116
150119
051006
051005
051007
051008
051002
051011
051010
051017
051003
051014
051004
051009
051001
051019
051016
051015
051012
051018
120804
120802
120806
120801
120810
120803
120814
120807
120811
120813
120808
120809
120812
120805
210904
210903
210902
210905
210901
210906
141202
141204
141201
141203
141205
141207
141209
141206
141208
141210
242115
242111
242114
242116
242112
242113
100516
100503
100509
100511
100504
100517
100508
100520
100505
100507
100521
100502
100518
100515
100519
100501
191404
191408
191407
191405
191411
191403
191402
191401
191406
191410
191412
191409
241506
241505
241504
241508
241509
241507
241510
241511
241513
241512
200904
200909
200906
200903
200910
200902
200901
200908
200907
200905
200913
200912
200911
130804
130803
130810
130809
130815
130805
130807
130808
130801
130806
130814
130817
130812
130811
130802
130813
130816
270504
270505
270502
270507
270508
270516
270509
270510
270591
270506
270590
270518
270519
270524
270529
270514
270517
270513
270520
270530
270526
270511
270515
270512
270521
270531
270525
270523
270503
270522
070419
070406
070416
070420
070415
070418
070410
070417
070421
070414
070423
070404
070425
070407
070402
070413
070409
070426
070412
070424
070428
070427
070422
070411
070430
070408
070403
070401
070405
070432
070431
070429
170401
170408
170403
170405
170410
170409
170407
170402
170416
170406
170415
170418
170404
170420
170414
170412
170417
170413
170419
201114
201119
201112
201122
201113
201118
201116
201121
201111
201120
201117
201115
220804
220808
220805
220803
220806
220807
220801
220802
253203
253201
253204
253202
253205
200306
200311
200305
200321
200330
200332
200331
100902
100903
100910
100905
100909
100904
100917
100925
100906
100919
100912
100913
100915
100901
100914
100918
100911
100921
100922
100924
100923
100907
100920
100916
256002
256003
256004
256005
256001
350402
350414
350415
350416
350413
350406
350401
350403
350408
350417
350407
350405
350420
350410
350412
350409
191101
191107
191102
191105
191106
191110
191104
191109
191108
191103
191306
191303
191307
191305
191304
191308
191311
191390
191310
191301
191309
150705
150703
150702
150701
150707
150706
150704
150708
150710
150709
026304
026301
026302
026305
026303
253303
253302
253304
253307
253306
253308
253301
253310
253315
253316
253320
253322
253317
253325
253318
320513
320523
320510
320516
320509
320514
320524
320515
320518
032613
032608
032609
032611
032616
032615
032610
032606
032612
032602
032607
032605
032619
032614
032601
032617
032604
032618
032603
130210
130209
130208
130211
130219
130218
130212
130217
130216
131202
131203
131204
131201
131205
131206
340301
340302
340303
340305
340304
190206
190204
190207
190208
190210
190201
190202
190209
190211
190213
190203
190205
190212
320818
320802
320805
320819
320807
320801
320809
320804
320811
320815
320813
320810
320803
320825
320812
320821
320822
320816
320808
320814
320817
320820
320823
320824
320890
190802
190807
190803
190812
190808
190809
190804
190801
190805
190811
190806
190814
190813
190810
241908
241904
241910
241909
241905
241906
241903
241901
241902
241911
241907
110371
110322
110309
110317
110374
110372
110321
110373
110376
110307
110308
110320
110375
036401
036404
036402
036403
021907
021918
021903
021925
021904
021911
021908
021902
021914
021912
021910
021905
021919
021915
021913
021922
021916
021906
021901
021923
021928
021929
021917
021909
021926
021930
021927
021920
021924
021921
260501
260502
260504
260507
260503
260506
260505
260508
200406
200416
200402
200407
200401
200412
200403
200415
200421
200413
200422
200430
070126
070123
070120
070124
070130
070105
070119
070121
070129
070127
070104
070125
070106
070109
070128
070122
070132
070107
070131
070102
070103
070101
296005
296002
296001
296091
296090
296004
296003
251203
251219
251212
251202
251209
251218
251206
251214
251215
251205
251216
251201
251204
251220
251211
251210
251217
251221
141002
141001
141004
141005
141012
141006
141008
141003
141010
141011
141007
141009
031513
031502
031504
031510
031506
031517
031516
031507
031508
031512
031503
031505
031509
031501
031518
031511
031519
031514
031515
052110
052104
052105
052103
052107
052112
052119
052114
052115
052116
052117
052106
052111
052113
052120
052108
052101
052118
052102
052109
052121
241002
241003
241008
241013
241012
241007
241019
241001
241015
241018
241004
241017
081101
081102
081106
081105
081103
081107
081104
072110
072109
072116
072102
072111
072103
072108
072105
072117
072104
072115
072107
072106
072113
072114
072112
072101
252005
252004
252008
252007
252002
252003
252010
252006
252001
252011
252009
250854
250843
250819
250818
250889
250872
250860
250839
250862
250848
250884
250841
250863
250849
250885
250878
250879
250883
250876
250871
250868
250882
250890
250881
250867
250864
250870
250875
250869
250873
250886
250887
030606
030609
030612
030611
030608
030607
030603
030610
030601
030602
030605
030614
030616
030613
030615
030604
031610
031605
031602
031615
031609
031614
031616
031604
031601
031612
031611
031603
031613
031607
031606
031608
060804
060808
060803
060802
060801
060807
060805
060826
060810
060822
060806
060811
060809
060824
060823
060825
240403
240404
240409
240402
240407
240401
240408
240421
240406
240414
240405
240420
240411
240417
240423
240418
240416
240412
240413
240410
240422
240415
240419
240424
111225
111224
111223
111226
111221
071904
071901
071905
071903
071906
071902
071910
071907
071909
071908
270306
270304
270305
270308
270307
270303
270302
270309
270310
270311
116202
116201
116208
116205
116207
116206
116204
116203
140305
140302
140307
140308
140306
140309
140301
140304
140303
241405
241401
241406
241408
241407
241404
241403
241402
241409
131108
131109
131104
131105
131113
131112
131101
131103
131102
131110
131111
026602
026603
026610
026604
026601
026608
026611
026605
026607
026606
026609
310402
310401
310404
310405
310411
310408
310403
310413
310406
310412
310409
310407
310410
180604
180605
180601
180603
180607
180609
180602
180606
180608
180610
230308
230305
230304
230318
230303
230309
230307
230315
230312
230311
230301
230314
230316
230320
230317
230302
230313
230310
230321
230306
230319
206002
206005
206008
206004
206001
206007
206006
206009
206010
206003
071107
071106
071119
071113
071133
071132
071123
071125
071190
071126
096001
096009
096010
096012
096002
096011
096008
096006
096003
096007
096004
096005
350101
076402
076401
076405
076404
076406
076403
111301
111302
111306
111305
111304
111303
111307
056703
056705
056704
056701
056702
170607
170601
170602
170604
170603
170605
170608
170606
170609
170610
120404
120495
120413
120412
120499
120414
120406
120492
120407
120491
120494
120409
120415
120493
120405
190503
190507
190510
190502
190501
190509
190508
190506
190505
190511
190504
120312
120304
120305
120302
120301
120311
120306
120308
120313
120316
120303
120307
120314
120310
120309
120315
120321
120317
120318
120323
120319
120320
120322
030217
030202
030224
030226
030214
030223
030221
030206
030216
030211
030215
030222
030212
030218
030207
030205
030219
030203
030201
030220
030208
030225
030210
030204
030227
030209
030213
052429
052430
052404
052403
052405
052431
052419
052418
052417
052407
052402
052413
052414
052424
052412
052406
052410
052425
052401
052420
052411
052427
052416
052426
052415
052409
052408
052421
052423
052428
052422
150505
150501
150509
150510
150506
150504
150507
150503
150502
150508
150511
052911
052915
052914
052912
052908
052907
052905
052910
052906
052904
052917
052903
052916
052901
052918
052913
052902
052909
026023
026007
026018
026019
026015
026001
026021
026006
026025
026013
026011
026012
026009
026002
026024
026031
026003
026022
026016
026030
026017
026010
026004
026026
026020
026005
026028
026027
026008
026029
081002
081008
081009
081004
081010
081003
081001
081005
081007
081006
090805
090802
090806
090808
090801
090804
090809
090807
090803
090812
090810
090811
250704
250726
250703
250725
250727
250724
250732
250729
250705
250702
250728
250701
250738
250734
250730
250737
250733
250739
250736
250731
190725
190702
190719
190722
190708
190709
190703
190707
190724
190711
190718
190726
190710
190721
190723
190720
190712
190716
190701
190717
190714
190704
190705
190715
190713
190706
190727
021815
021801
021813
021819
021821
021810
021811
021809
021808
021816
021812
021826
021817
021818
021825
021830
021803
021807
021831
021820
021802
021805
021823
021822
021814
021804
021828
021824
021806
021829
021827
290403
290401
290406
290402
290404
290405
066401
066404
066403
066402
066405
022312
022309
022310
022308
022314
022304
022306
022305
022302
022303
022311
022307
022315
022301
022313
022316
086501
086503
086502
086505
086504
031309
031311
031312
031315
031313
031308
031304
031303
031314
031305
031301
031310
031306
031316
031302
031317
031307
230803
230802
230805
230801
230804
320204
320202
320203
320201
320206
320205
320207
170310
170308
170307
170305
170309
170304
170306
170311
170323
170319
170313
170324
170320
170317
170390
160209
160201
160211
160205
160208
160204
160213
160215
160210
160202
160214
160212
160217
160206
160218
160203
160216
160207
310110
310101
310105
310102
310104
310109
310108
310106
310103
310107
056105
056102
056104
056101
056103
220303
220304
220307
220308
220306
220305
220302
220310
220309
220301
230702
230703
230704
230708
230705
230706
230701
230707
170906
170908
170902
170907
170903
170904
170910
170909
170901
170905
190404
190408
190406
190401
190403
190410
190405
190409
190402
190411
060505
060504
060506
060501
060524
060513
060522
060502
060512
060526
060514
060528
060525
060527
071603
071604
071605
071606
071607
071616
071617
071621
071619
071624
071608
071618
071622
071623
071620
071625
072805
072809
072806
072803
072802
072811
072807
072810
072801
072808
072804
070622
070621
070607
070610
070601
070603
070606
070629
070609
070632
070623
070608
070605
070630
070634
070619
070625
070602
070604
070633
070631
070628
070624
070626
070627
260106
260108
260109
260110
260119
260128
260120
260122
260124
260118
260121
260126
260107
260105
260127
260117
260123
260125
260101
236002
236005
236001
236003
236004
236006
260602
260601
260604
260611
260610
260609
260613
260608
260605
260612
260603
260607
056301
056302
056303
253501
253502
253503
253505
253504
200707
200703
200714
200704
200710
200708
200721
200709
200716
200702
200711
200706
200705
200718
200715
200720
200712
200719
200701
200713
200722
200717
046004
046006
046013
046003
046005
046014
046001
046011
046002
046009
046012
046010
046008
046007
191203
191207
191206
191204
191205
191201
191208
191202
191209
026701
026702
026703
121102
121106
121104
121105
121101
121103
121107
270401
270420
270421
270403
270402
270409
270408
270411
270419
270414
270410
270416
270413
270415
270422
270412
270404
340209
340202
340210
340208
340207
340213
340203
340206
340211
340205
150605
150608
150607
150606
150604
150601
150609
150602
150611
150603
150610
240303
240301
240305
240309
240304
240310
240321
240306
240308
240320
240313
240302
240329
240311
240314
240328
240315
240307
240317
240322
240319
240332
240325
240318
240331
240323
240330
240327
240312
240326
240324
240316
196201
196209
196205
196202
196204
196206
196203
196208
196207
251105
251106
251114
251111
251104
251115
251119
251130
251116
251134
251110
251120
251113
320305
320303
320307
320308
320302
320313
320306
320309
320311
320312
320304
320301
320310
050710
050713
050725
050726
050723
050707
050708
050716
050709
050712
050704
050714
050711
050718
050706
050703
050715
050717
050721
050724
050720
050705
050722
050719
050727
050702
050701
031214
031201
031207
031210
031209
031222
031215
031219
031221
031217
031216
031224
031204
031213
031223
031212
031211
031218
031220
031206
031208
031205
031203
031202
031225
260701
260707
260705
260704
260703
260706
260708
260712
260711
260710
260702
260714
260709
260715
260713
061902
061903
061901
061906
061905
061904
061910
061909
061908
061907
070903
070908
070912
070905
070911
070906
070909
070916
070914
070910
070902
070904
070907
070920
070915
070918
070901
070919
070913
070917
106009
106001
106005
106008
106002
106011
106003
106010
106004
106006
106007
022010
022006
022005
022001
022004
022014
022003
022008
022007
022009
022016
022011
022002
022013
022015
022017
022012
230206
230202
230209
230204
230207
230201
230205
230208
230203
230211
230210
230212
090903
090909
090908
090904
090901
090907
090902
090911
090906
090905
090912
090910
090913
090917
090916
090914
070722
070705
070715
070713
070716
070721
070708
070707
070714
140505
140506
140508
140509
140504
140507
061208
061213
061211
061204
061205
061201
061206
061203
061210
061207
061217
061209
061214
061202
061216
061212
061215
180106
180110
180105
180107
180119
180104
180118
180120
180103
180116
180199
180117
320714
320709
320710
320719
320708
320706
320722
320711
320712
320720
320707
320713
320739
320731
320728
320715
320717
320732
320718
320721
320726
320716
320730
320727
320735
320723
320733
320729
320737
320724
181112
181119
181113
181114
181115
181116
181120
032101
032107
032108
032104
032103
032106
032102
032105
032111
032110
032109
032113
032112
032114
090104
090108
090107
090103
090111
090116
090112
090102
090118
090105
090101
090106
090109
090120
090121
090115
090119
090110
090190
090114
090117
026507
026504
026502
026501
026510
026506
026509
026505
026511
026512
026508
026503
210701
210702
210703
210707
210704
210705
210708
210710
210709
210706
253409
253406
253403
253405
253407
253401
253404
253408
253402
253410
210310
210320
210318
210316
210304
210319
210317
210307
210322
210321
032407
032412
032416
032402
032417
032404
032406
032415
032405
032414
032408
032413
032411
032409
032403
032410
032420
032418
032401
032419
072704
072706
072702
072709
072703
072701
072708
072705
080606
080609
080611
080610
080604
080607
080608
080605
080603
080601
080615
080602
080613
080614
080612
050104
050102
050105
050109
050111
050114
050106
050110
050112
050107
050117
050101
050116
050115
050113
050103
050108
050118
016301
016305
016302
016303
016304
016309
016306
016308
016307
016310
171201
171202
171204
171203
171205
171206
171207
086303
086304
086302
086301
220704
220702
220703
220701
140802
140803
140805
140804
140801
290603
290602
290604
290601
290605
290607
290606
250908
250916
250907
250922
250912
250905
250999
250906
250910
250909
250911
250918
250923
250990
250924
026903
026901
026904
026902
253003
253002
253001
253004
253009
253005
253007
253008
253006
253010
253019
253024
140605
140601
140608
140609
140606
140607
140610
140603
140611
140604
140602
140612
140613
166005
166006
166004
166008
166001
166009
166010
166007
166003
166002
061501
061504
061502
061503
061507
061506
061505
061508
061509
061510
240901
240902
240910
240907
240920
240904
240905
240919
240906
240921
240913
240917
240903
240916
240909
240911
240922
240915
240912
240914
240918
241804
241803
241802
241805
241801
032708
032709
032710
032712
032703
032713
032707
032711
032704
032706
032705
032701
032702
032714
286207
286201
286206
286205
286203
286202
051828
051816
051827
051807
051825
051812
051806
051808
051814
051801
051810
051822
051826
051809
051821
051815
051802
051811
051817
051824
051832
051804
051829
051830
051820
051831
051805
051803
051818
051813
051819
051833
051823
081204
081203
081202
081201
081211
081207
081206
081205
081208
081210
081209
126010
126009
126011
126005
126003
126013
126006
126007
126012
126014
126016
126002
126008
126017
126018
126015
126019
126020
126004
126001
150306
150302
150314
150305
150307
150311
150309
150301
150304
150303
150308
150310
150316
150315
150313
150312
150317
021006
021005
021003
021001
021002
021016
021023
021007
021025
021004
021010
021017
021018
021029
021024
021008
021015
021014
021009
021027
021020
021019
021013
021012
021026
021028
171104
171102
171103
171101
171105
030404
030412
030406
030403
030401
030411
030405
030408
030402
030409
030417
030418
030415
030414
030407
030413
030420
030410
030416
030419
321118
321113
321120
321114
321119
321115
321112
321111
321117
321116
021607
021614
021620
021601
021606
021604
021621
021603
021613
021618
021612
021619
021609
021602
021626
021611
021624
021622
021623
021605
021608
021610
021617
021615
021616
021625
210105
210111
210110
210114
210104
210108
210116
210109
210106
210101
210123
210122
210119
210118
210121
210120
210124
210117
061306
061302
061303
061305
061308
061312
061307
061313
061301
061318
061317
180405
180401
180406
180409
180410
180403
180412
180411
180408
180402
180404
180423
180413
180415
180414
180407
180416
180421
180418
180419
180417
180422
180420
160104
160106
160108
160105
160103
160107
160110
160101
160102
160109
126101
126104
126103
126102
126105
326008
326002
326003
326009
326006
326013
326007
326011
326012
326010
016207
016208
016201
016202
016204
016205
016203
016206
031810
031808
031802
031801
031817
031820
031812
031804
031809
031814
031811
031803
031805
031816
031819
031806
031815
031821
031807
031813
031818
036308
036307
036303
036314
036302
036316
036309
036312
036301
036313
036311
036305
036306
036304
036310
036315
100208
100206
100218
100209
100299
100214
100212
100211
100202
100213
100203
100201
100204
100210
100216
100205
100217
300503
300502
300505
300501
300504
300506
300507
300512
300509
300511
300508
201312
201301
201310
201306
201307
201302
201309
201304
201303
201311
201305
276006
276002
276003
276001
276004
276005
276008
276007
030306
030302
030316
030311
030301
030315
030305
030303
030309
030313
030312
030307
030318
030304
030310
030308
030314
030317
032511
032505
032509
032507
032502
032506
032508
032503
032504
032515
032510
032512
032501
032513
032514
051519
051520
051517
051507
051511
051515
051508
051509
051516
051514
051521
051518
051502
051503
051506
051513
051510
051522
051505
051501
051512
051504
051210
051204
051211
051205
051202
051207
051206
051209
051203
051208
051201
051212
076104
076101
076103
076102
076105
080304
080303
080301
080313
080307
080309
080311
080302
080308
080310
080305
080306
080312
241220
241207
241206
241211
241209
241201
241204
241212
241205
241221
241202
241215
241210
241222
241203
241208
241213
241219
241214
241217
241218
241216
190109
190101
190103
190104
190105
190112
190114
190102
190106
190108
190111
190113
190107
190110
190115
192710
192712
192707
192717
192721
192716
192714
192711
192708
192718
192705
192720
192709
192706
192704
192701
192713
192715
192702
192719
192703
280114
280115
280110
280112
280139
280104
280113
280106
280111
280118
280123
280102
280122
280140
280132
280121
280119
280108
280116
280135
280105
280127
280126
280109
280120
280125
280107
280134
280117
280103
280136
280124
280138
280101
280133
116302
116301
116303
116304
116305
310203
310201
310205
310204
310202
310208
310207
310210
310212
310206
310209
310211
276105
276108
276106
276104
276103
276102
276107
276109
320408
320409
320403
320415
320412
320418
320420
320404
320402
320405
320410
320425
320413
320406
320417
320419
320401
320414
320416
320423
320411
320424
320422
252902
252907
252901
252905
252908
252903
252904
252919
252916
252906
252910
252931
252923
252918
252924
252927
252922
252909
252912
252925
252913
252932
252911
052312
052304
052310
052314
052316
052317
052309
052301
052305
052315
052313
052306
052308
052311
052302
052307
052303
061605
061601
061602
061603
061604
061606
061608
061607
061609
140701
140704
140703
140708
140705
140707
140702
140706
140709
140710
252805
252808
252806
252804
252810
252803
252807
252809
066203
066202
066201
066204
080102
080110
080103
080117
080108
080119
080101
080109
080105
080116
080114
080115
080111
080104
080113
080118
300106
300109
300104
300108
300110
300107
300111
242002
242006
242003
242005
242009
242004
242007
242008
242001
251604
251635
251601
251642
251634
251608
251614
251699
251649
251612
251632
251631
251640
251620
251636
251651
251602
251619
251610
251621
251643
251618
251637
251615
251646
251650
251648
251627
251607
251616
251611
251603
251625
251630
251645
251613
251624
251628
251644
251641
251647
251629
251626
251606
251617
251633
251638
251622
251623
251609
251605
330603
330601
330602
330604
330605
080807
080805
080811
080806
080810
080812
080808
080809
052607
052608
052602
052605
052606
052613
052612
052609
052604
052601
052610
052611
052603
180501
180503
180507
180502
180505
180508
180504
180506
180511
180510
180512
086201
086202
270602
270607
270609
270601
270610
270605
270604
270608
270603
270606
120703
120702
120709
120705
120708
120707
120717
120712
120710
120724
120706
120704
120711
120721
120716
120723
120725
120726
120722
120718
120719
120720
120713
120701
181201
181202
181207
181205
181204
181208
181206
181210
181209
181203
300303
300305
300302
300301
300306
300304
300307
300308
300309
300313
300312
300311
300310
190304
190303
190302
190301
190305
190307
190312
190310
190315
190309
190311
190318
190313
190316
190314
190306
190308
190317
192412
192402
192418
192403
192415
192404
192416
192490
192405
192492
192401
192491
192493
192417
192413
031006
031017
031005
031004
031013
031009
031016
031020
031026
031003
031022
031001
031025
031024
031018
031021
031019
031002
031010
031014
031015
031011
031023
031012
031007
031008
141301
141305
141303
141306
141304
141309
141308
141302
141310
141307
021513
021510
021517
021501
021514
021516
021509
021511
021508
021507
021515
021506
021512
021530
021502
021531
021503
021521
021523
021532
021520
021505
021528
021518
021519
021504
021529
021525
021524
021527
021522
021526
140210
140211
140212
140209
140201
140202
206102
206105
206101
206106
206108
206107
206104
206103
300402
300404
300403
300409
300406
300407
300408
300401
300405
300410
300415
300417
300411
300413
300414
300416
300412
300418
110206
110201
110222
110221
110203
110214
110202
110223
110220
110205
110212
110216
110204
110213
110218
110225
110226
110224
181013
181005
181010
181001
181007
181008
181009
181002
181011
181003
181012
181014
181004
181015
181006
310305
310304
310317
310306
310320
310311
310313
310321
310309
310323
310318
310324
310303
310312
310325
330403
330405
330412
330404
330410
330401
330416
330409
330415
330408
330402
330407
330413
330414
330417
330406
330411
021140
021131
021114
021103
021120
021105
021119
021123
021115
021139
021116
021129
021126
021112
021117
021128
021122
021102
021106
021136
021124
021109
021113
021133
021130
021111
021110
021107
021108
021132
021125
021127
021138
021121
021101
021141
021143
021135
021137
021142
021134
021104
040113
040115
040114
040107
040109
040112
040110
040108
040106
040117
040111
040105
040116
040102
040101
040103
040104
176105
176104
176102
176106
176101
176103
176108
176107
111003
111001
111005
111014
111004
111007
111009
111013
111002
111011
111015
111016
111008
111010
111006
111012
052510
052505
052511
052518
052508
052506
052504
052507
052515
052521
052503
052509
052520
052502
052513
052523
052524
052512
052501
052525
052514
052516
052519
052522
052517
290301
290302
290303
290305
290304
290306
120905
120906
120907
120904
120903
120909
120901
120911
120902
120910
120908
230503
230502
230506
230508
230501
230504
230507
230505
260803
260804
260805
260813
260806
260801
260809
260814
260802
260810
260811
260807
260808
260812
061801
061804
061802
061807
061808
061805
061806
061810
061803
061811
061809
060323
060301
060308
060310
060322
060303
060312
060321
060309
060305
060316
060302
060313
060307
060314
060317
060304
060320
060306
060330
060318
060319
060326
060329
060327
060315
060328
176301
176304
176302
176303
141104
141103
141102
141106
141101
141105
141107
141108
062006
062004
062001
062008
062002
062005
062003
062007
306002
306006
306004
306001
306009
306005
306003
306007
306008
240605
240602
240606
240609
240603
240604
240613
240611
240608
240607
240616
240614
240617
240618
240610
240612
240615
241601
241603
241607
241608
241605
241602
241612
241609
241604
241610
241606
241611
072203
072202
072201
072205
072204
072207
072212
072206
072210
072211
072208
072209
120106
120107
120126
120108
120110
120112
120117
120109
120116
120113
120120
120119
120123
120118
120124
120122
120125
260403
260410
260491
260406
260409
260411
260413
260404
260405
260415
260408
260414
260402
260412
260407
100701
100702
100708
100704
100703
100707
100706
100710
100705
100711
100709
051117
051101
051102
051119
051118
051107
051105
051116
051111
051115
051103
051112
051104
051108
051109
051113
051114
051110
051106
051120
051121
210201
210202
210206
210213
210216
210205
210212
210215
210214
210218
210217
220501
220503
220505
220502
220507
220506
220504
021421
021425
021418
021415
021427
021430
021428
021412
021410
021429
021419
021422
021416
021434
021432
021411
021435
021423
021426
021424
021433
021438
021417
021431
021413
021420
021414
330512
330509
330502
330510
330511
330505
330506
330507
140406
140412
140420
140421
140402
140419
140427
140431
140411
140423
140429
140405
140430
140407
140428
140426
140425
036003
036002
036001
160306
160305
160309
160307
160302
160308
160301
160303
160304
160314
160315
160312
160313
176003
176001
176004
176006
176007
176008
176009
176010
176002
176005
176011
076602
076601
076605
076604
076603
076606
096203
096207
096201
096205
096206
096202
096204
040406
040402
040407
040408
040405
040410
040404
040409
040412
040411
040403
040401
191802
191804
191820
191815
191812
191818
191811
191821
191819
191805
191822
191814
191801
191803
191816
191810
191823
191817
191813
220601
220603
220602
220604
270701
270711
270709
270716
270706
270707
270712
270702
270703
270715
270708
270710
252605
252601
252612
252610
252602
252607
252611
252604
252609
116103
116104
116107
116108
116106
116105
080502
080508
080501
080506
080510
080509
080507
080504
080517
080519
080515
080518
080514
080503
080505
080513
080516
280218
280204
280206
280216
280201
280203
280214
280219
280207
280215
280213
280202
280211
280212
280223
280208
280217
280222
280210
280224
280220
280226
280221
280228
280205
280225
280209
280227
090201
090205
090213
090216
090206
090208
090212
090207
090217
090214
090209
170805
170803
170802
170804
170801
170806
166302
166301
166303
180305
180306
180322
180301
180318
180303
180307
180319
180314
180321
180317
180304
180316
180325
180315
180302
180324
180320
180323
106103
106105
106104
106106
106101
106108
106107
106102
050911
050912
050913
050915
050908
050905
050903
050902
050904
050901
050916
050918
050906
050909
050910
050914
050907
050917
050919
071803
071807
071802
071808
071801
071899
071806
071805
030709
030701
030702
030708
030707
030711
030706
030704
030703
030710
030713
030714
030705
030712
030715
290503
290508
290501
290502
290506
290507
290505
290509
320103
320104
320106
320107
320110
320101
320102
320109
320105
320108
320117
320116
320111
320115
320112
320113
320114
060409
060416
060411
060417
060413
060412
060425
060426
060415
060420
060418
060410
060414
060419
060424
060421
060422
060430
060428
060423
060408
060429
060432
060431
130903
130904
130907
130908
130912
130905
130911
130906
130910
130913
130914
130902
130909
201604
201601
201606
201603
201605
201602
201607
066103
066102
066104
066108
066109
066106
066101
066105
066107
091402
091410
091401
091414
091407
091404
091403
091412
091408
091409
091405
091406
091411
091413
091415
130324
130323
130318
130314
130312
130315
130317
130321
130313
130316
130307
130301
130322
130320
130319
010101
010102
330103
330102
330110
330101
330115
330104
330107
330111
330106
330108
330116
056503
056502
056501
086001
086002
086003
052210
052217
052205
052201
052202
052223
052208
052209
052213
052207
052211
052219
052203
052216
052214
052204
052221
052215
052212
052222
052206
052218
052220
216102
216103
216104
216105
216101
076303
076305
076304
076306
076302
076308
076301
076307
251003
251008
251090
251015
251018
251014
251009
251016
251019
251004
251506
251507
251501
251503
251504
251505
251502
251511
251509
251510
251517
251514
251518
056801
056803
056802
072302
072308
072305
072303
072304
072306
072307
072391
072301
072392
072393
072390
180214
180224
180212
180208
180216
180210
180213
180220
180225
180237
180235
180209
180234
180233
180236
180227
052703
052706
052713
052711
052709
052704
052712
052708
052705
052710
052707
052702
052701
052714
066305
066303
066302
066304
066301
196103
196104
196102
196101
251403
251405
251404
251401
251402
251409
251407
251406
251414
251411
251415
251412
251408
251410
251413
051701
051711
051705
051706
051703
051702
051709
051708
051710
051712
051707
051713
051714
051704
070207
070213
070205
070214
070217
070219
070203
070211
070204
070208
070212
070216
070206
070215
070220
070201
070209
070202
070210
070218
070221
070222
070223
016103
016106
016101
016104
016105
016102
236104
236103
236105
236101
236102
136104
136101
136105
136102
136103
030103
030119
030104
030110
030102
030122
030115
030123
030114
030124
030105
030112
030106
030108
030121
030107
030116
030120
030101
030111
030109
030117
030118
030113
130601
130619
130609
130602
130621
130612
130605
130606
130610
130604
130611
130618
130603
130623
130626
130622
130607
130620
130624
130625
050613
050612
050607
050611
050609
050619
050618
050615
050608
050617
050606
050602
050604
050610
050616
050603
050614
050605
050620
050601
020621
020623
020620
020603
020629
020611
020622
020628
020617
020613
020634
020604
020608
020614
020601
020612
020626
020602
020635
020640
020643
020615
020609
020616
020632
020625
020627
020624
020630
020618
020641
020644
020631
020619
020639
020605
020638
020606
020633
020610
020647
020642
020645
020637
020646
020636
020607
190902
190904
190901
190903
190905
190906
190907
190908
161225
161221
161224
161223
161222
166101
166103
166104
166102
166106
166105
060111
060109
060103
060104
060107
060108
060101
060106
060117
060118
060102
060105
060121
060112
060123
060110
060115
060116
060113
060119
060122
060114
060120
196011
196014
196010
196003
196013
196012
196009
196004
196005
196002
196007
196001
196008
196006
196015
020720
020719
020714
020712
020721
020703
020724
020705
020702
020715
020731
020717
020710
020722
020723
020711
020718
020713
020704
020725
020707
020729
020709
020706
020708
020727
020732
020701
020728
020730
020733
020726
100306
100303
100309
100301
100304
100302
100305
100308
100307
100310
032010
032008
032004
032007
032014
032005
032001
032011
032009
032006
032003
032002
032013
032015
032016
032012
210505
210502
210593
210501
210503
210506
210590
210599
210594
210592
210591
120503
120519
120527
120505
120514
120509
120526
120521
120513
120528
120520
120504
120529
120522
120525
161103
161101
161104
161102
080713
080705
080701
080704
080702
080703
080710
080706
080711
080708
080709
080714
080712
080707
091104
091109
091103
091106
091102
091111
091105
091107
091101
091115
091108
091113
091110
091112
136005
136004
136001
136003
136002
136006
026205
026202
026203
026204
026206
026201
026207
072506
072505
072508
072501
072504
072503
072502
072507
286102
286103
286109
286110
286101
286112
286111
286107
286108
286113
286105
286104
286106
230408
230413
230429
230409
230415
230410
230414
230405
230416
230402
230426
230407
230425
230420
230430
230423
230422
230428
230427
230424
230419
230421
230411
230431
031902
031906
031909
031908
031903
031901
031907
031905
031904
251802
251801
251804
251803
251818
251813
251824
251822
251830
251815
251814
251831
251805
251810
251835
251838
251816
251827
251839
251823
251821
251825
251808
251820
251833
251846
251845
251890
251812
251832
251811
251806
251826
251834
251807
251819
251840
251837
226001
226003
226004
226002
260314
260315
260304
260320
260305
260306
260318
260321
260322
260323
260319
052824
052807
052802
052823
052808
052818
052810
052801
052813
052805
052821
052809
052803
052819
052828
052817
052812
052822
052811
052816
052814
052806
052815
052825
052820
052827
052804
316012
316013
316014
316002
316011
316005
316007
316003
316006
316008
316001
316004
032917
032903
032914
032913
032902
032910
032908
032904
032909
032901
032907
032906
032905
032916
032911
032915
032912
022556
022554
022560
022552
022558
022557
022553
022551
022555
022559
040207
040212
040206
040218
040210
040213
040204
040211
040209
040214
040216
040217
040208
040202
040201
040215
040203
156104
156105
156101
156106
156102
081305
081306
081303
081309
081308
081311
081304
081302
081307
081301
081310
110104
110109
110110
110117
110111
110118
110120
110102
110119
110101
110113
110116
110103
110112
110121
076703
076701
076706
076704
076702
076705
241701
241702
241704
241705
241703
241708
241706
130414
130413
130411
130420
130416
130412
130419
130421
130415
130408
130406
130417
130407
130418
140901
140905
140904
140902
140903
140907
140906
140908
180902
180903
180901
180904
180910
180908
180907
180906
180905
180909
180911
180912
230105
230101
230106
230102
230115
230104
230112
230103
230114
230110
030905
030911
030913
030912
030903
030916
030909
030910
030906
030907
030914
030902
030915
030919
030908
030920
030901
030918
030904
030921
030917
030922
191506
191505
191504
191503
191510
191507
191508
191502
191501
191511
191509
032812
032810
032816
032809
032804
032801
032802
032813
032815
032814
032806
032807
032817
032811
032818
032803
032805
032808
220106
220105
220102
220104
220101
220107
220108
220103
220109
330201
330204
330205
330209
330203
330202
330211
330207
330212
330208
330206
330210
180701
180703
180702
180713
180711
180709
180704
180715
180716
080408
080410
080405
080413
080412
080409
080407
080416
080404
080417
080411
080414
080406
080418
072401
072405
072402
072406
072403
072408
072409
072407
072411
072404
072410
072412
100805
100890
100804
100802
100808
100803
100809
100806
100812
100807
100811
031710
031712
031714
031705
031709
031707
031701
031706
031704
031708
031703
031711
031713
031702
100601
100603
100608
100604
100602
100609
100605
100611
100607
100606
100612
100610
071505
071508
071503
071506
071517
071507
071502
071520
071501
071509
071516
071511
071504
071513
071518
071514
071515
071512
071510
071519
071521
071523
071522
016407
016408
016406
016409
016405
016403
016402
016401
016404
016410
350201
151006
151001
151008
151004
151005
151002
151003
151007
150407
150402
150401
150403
150410
150409
150404
150412
150406
150411
150408
150405
116008
116004
116014
116007
116006
116009
116011
116015
116010
116003
116005
116012
116002
116017
116018
116001
116013
116016
170120
170111
170119
170106
170110
170109
170117
170112
170128
170129
170133
170130
170134
170135
170136
110512
110511
110504
110520
110522
110519
110506
110529
110524
110528
110515
110523
110514
110532
110527
110526
110521
110505
110530
110536
110537
110534
110533
110531
016006
016001
016007
016003
016004
016008
016005
016002
090506
090501
090502
090511
090514
090512
090503
090519
090513
090510
090504
090507
090509
090515
090517
090516
090508
090505
090518
090520
300207
300203
300211
300218
300219
300215
300210
300208
300216
300201
300204
300223
300221
300227
300202
300222
300225
300220
300224
060221
060220
060210
060228
060208
060207
060214
060212
060217
060216
060218
060219
060223
060209
060222
060215
060224
060213
060201
060230
060231
060232
060227
260204
260222
260212
260203
260225
260221
260210
260211
260223
260219
260202
260220
260217
260224
260218
350601
270104
270101
270107
270106
270103
270108
270102
270105
151101
151106
151103
151102
151104
151108
151107
151105
151109
151110
241305
241306
241318
241311
241310
241319
020521
020518
020519
020522
020517
020520
020503
020502
020504
020505
020530
020513
020525
020527
020526
020523
020514
020538
020528
020532
020537
020501
020524
020507
020509
020510
020511
020533
020512
020529
020539
020508
020540
020506
020531
020515
020535
020534
020536
020516
072005
072006
072004
072007
072003
072002
072001
072009
072008
071011
071010
071032
071016
071001
071033
071026
071030
071031
071034
071025
071029
071012
071035
071027
036105
036104
036101
036103
036102
146004
146001
146002
146003
146005
050808
050802
050804
050810
050809
050803
050812
050801
050805
050815
050806
050813
050807
050811
050814
280312
280334
280302
280317
280303
280305
280320
280301
280319
280304
280313
280337
280321
280318
280306
280335
280307
280322
280314
280316
280338
280326
280336
280333
280324
280315
280339
280325
280323
316102
316103
316101
316104
156004
156001
156005
156003
156002
026105
026106
026101
026103
026104
026102
121203
121202
121201
121208
121204
121207
121206
121209
121205
280413
280422
280408
280412
280424
280401
280406
280402
280428
280411
280420
280419
280425
280405
280403
280410
280427
280409
280418
280429
280404
280421
280426
280431
280435
280430
280432
280433
280434
110702
110703
110704
110706
110713
110701
110712
110714
110709
110715
110718
110711
110710
110717
110720
110705
110716
110719
110722
110707
110721
031112
031109
031108
031104
031107
031106
031101
031105
031110
031103
031111
031102
200604
200605
200606
200603
200607
200602
200601
200608
216002
216001
216005
216003
216006
056604
056602
056601
056603
086111
086109
086105
086103
086107
086106
086104
086108
086102
086110
086101
250306
250305
250304
250307
250309
250310
250313
250314
250308
250315
250311
250312
320621
320601
320602
320616
320619
320612
320610
320608
320617
320603
320611
320618
320620
320623
320622
051912
051915
051913
051910
051914
051909
051911
051901
051916
051907
051908
051922
051917
051923
051902
051924
051919
051920
051905
051906
051921
051918
051904
051903
240507
240505
240506
240515
240508
240518
240509
240510
240521
240522
240517
240523
290206
290201
290207
290208
290209
250123
250124
250128
250126
250115
250117
250121
250122
250116
250114
250108
250127
250120
250129
250118
250130
250131
250132
250125
240114
240112
240116
240117
240113
240125
240122
240111
240131
240123
240124
240115
240121
240132
240118
240133
240135
240110
240134
240127
240119
240136
240130
240126
071702
071704
071709
071710
071718
071703
071724
071726
071715
071712
071719
071736
071701
071720
071729
071713
071717
071725
071737
071705
071707
071714
071706
071722
071711
071728
071721
071708
071727
071735
071732
071723
071733
071716
071734
191002
191003
191001
191006
191005
191007
191004
191008
200503
200506
200501
200510
200505
200502
200516
200511
200512
200513
200504
200507
200508
200509
200520
200521
200517
200519
200515
200514
200523
200518
200525
200522
200527
201201
201202
201205
201207
201206
201203
201204
161004
161009
161005
161002
161013
161008
161001
161003
161011
161015
161006
161014
161016
161017
161010
161019
161018
161012
242232
242221
242222
242223
242224
242227
242230
242228
242225
242226
242229
242231
070505
070503
070511
070504
070512
070508
070506
070507
070510
070509
070513
070516
070514
070517
070515
032219
032204
032202
032210
032214
032220
032205
032201
032211
032206
032221
032203
032212
032213
032209
032208
032207
032217
032218
131310
131305
131304
131302
131312
131308
131311
131313
131309
350301
260905
260901
260903
260902
260909
260907
260906
260908
260904
260910
286007
286008
286004
286001
286006
286002
286003
286005
131004
131003
131002
131001
131006
131007
131005
160907
160908
160916
160906
160921
160917
160923
160901
160902
160919
160904
160920
160909
160905
160915
160903
220401
220403
220404
220405
220402
220406
051406
051414
051404
051409
051407
051417
051415
051405
051408
051411
051412
051410
051403
051413
051401
051402
051419
051416
051420
051418
286304
286303
286301
286305
286302
286306
286307
022216
022220
022209
022207
022201
022218
022221
022217
022210
022227
022203
022213
022219
022222
022224
022212
022214
022205
022226
022225
022215
022211
022223
350501
321206
321221
321224
321222
321223
321225
