010100
016000
016100
016200
016300
016400
020500
020600
020700
020800
021000
021100
021200
021400
021500
021600
021700
021800
021900
022000
022100
022200
022300
022500
026000
026100
026200
026300
026500
026600
026700
026800
026900
030100
030200
030300
030400
030500
030600
030700
030800
030900
031000
031100
031200
031300
031400
031500
031600
031700
031800
031900
032000
032100
032200
032300
032400
032500
032600
032700
032800
032900
036000
036100
036200
036300
036400
036500
040100
040200
040300
040400
046000
050100
050200
050300
050400
050500
050600
050700
050800
050900
051000
051100
051200
051300
051400
051500
051600
051700
051800
051900
052000
052100
052200
052300
052400
052500
052600
052700
052800
052900
056000
056100
056200
056300
056400
056500
056600
056700
056800
060100
060200
060300
060400
060500
060600
060700
060800
061100
061200
061300
061400
061500
061600
061700
061800
061900
062000
066000
066100
066200
066300
066400
070100
070200
070300
070400
070500
070600
070700
070800
070900
071000
071100
071500
071600
071700
071800
071900
072000
072100
072200
072300
072400
072500
072600
072700
072800
076000
076100
076200
076300
076400
076500
076600
076700
080100
080200
080300
080400
080500
080600
080700
080800
081000
081100
081200
081300
086000
086100
086200
086300
086400
086500
086600
090100
090200
090400
090500
090800
090900
091000
091100
091400
091500
096000
096200
100100
100200
100300
100400
100500
100600
100700
100800
100900
106000
106100
110100
110200
110300
110400
110500
110600
110700
110800
110900
111000
111100
111200
111300
116000
116100
116200
116300
120100
120200
120300
120400
120500
120600
120700
120800
120900
121000
121100
121200
121300
126000
126100
130100
130200
130300
130400
130500
130600
130800
130900
131000
131100
131200
131300
136000
136100
140100
140200
140300
140400
140500
140600
140700
140800
140900
141000
141100
141200
141300
146000
150100
150200
150300
150400
150500
150600
150700
150800
150900
151000
151100
156000
156100
160100
160200
160300
160900
161000
161100
161200
166000
166100
166300
170100
170200
170300
170400
170500
170600
170800
170900
171000
171100
171200
176000
176100
176200
176300
180100
180200
180300
180400
180500
180600
180700
180800
180900
181000
181100
181200
186000
190100
190200
190300
190400
190500
190600
190700
190800
190900
191000
191100
191200
191300
191400
191500
191600
191700
191800
192400
192600
192700
196000
196100
196200
200100
200200
200300
200400
200500
200600
200700
200800
200900
201000
201100
201200
201300
201400
201600
206000
206100
210100
210200
210300
210400
210500
210600
210700
210800
210900
216000
216100
220100
220200
220300
220400
220500
220600
220700
220800
226000
230100
230200
230300
230400
230500
230600
230700
230800
236000
236100
240100
240300
240400
240500
240600
240700
240800
240900
241000
241100
241200
241300
241400
241500
241600
241700
241800
241900
242000
242100
242200
246000
250100
250200
250300
250700
250800
250900
251000
251100
251200
251300
251400
251500
251600
251700
251800
251900
252000
252600
252700
252800
252900
253000
253100
253200
253300
253400
253500
253600
256000
260100
260200
260300
260400
260500
260600
260700
260800
260900
266000
270100
270200
270300
270400
270500
270600
270700
270800
276000
276100
280100
280200
280300
280400
286000
286100
286200
286300
290100
290200
290300
290400
290500
290600
296000
300100
300200
300300
300400
300500
306000
310100
310200
310300
310400
310500
316000
316100
320100
320200
320300
320400
320500
320600
320700
320800
320900
321000
321100
321200
326000
330100
330200
330300
330400
330500
330600
340100
340200
340300
340500
346000
350100
350200
350300
350400
350500
350600
350700
350800
351000
351200
351300
351400
351500
